epoch0->[6.93600629e-01 1.40595414e-03 3.22042510e-04 3.90575069e-05
 0.00000000e+00 3.54112732e-04 3.97324530e-06 4.77533833e-03
 5.20301467e-03 6.53822150e-04 7.15053391e-05 8.20196091e-03
 4.69379996e-06 1.01875230e-03 1.13258960e-03 6.78335230e-04
 1.04575820e-04 1.07519136e-06 2.52220249e-04 0.00000000e+00
 0.00000000e+00]

epoch1->[0.73349842 0.         0.         0.         0.         0.
 0.         0.         0.00270018 0.         0.         0.
 0.         0.         0.         0.23074797 0.         0.
 0.         0.         0.        ]

epoch2->[7.54785198e-01 0.00000000e+00 0.00000000e+00 0.00000000e+00
 0.00000000e+00 0.00000000e+00 1.30295308e-02 7.26015900e-03
 2.42131029e-01 0.00000000e+00 0.00000000e+00 0.00000000e+00
 1.31702343e-03 0.00000000e+00 8.66649186e-03 4.69990303e-01
 0.00000000e+00 0.00000000e+00 0.00000000e+00 2.94170261e-04
 0.00000000e+00]

epoch0->[6.93677395e-01 8.42113104e-03 0.00000000e+00 1.75782132e-03
 5.57421568e-04 2.05560228e-03 2.42109471e-03 3.58585862e-03
 1.40518275e-03 9.40161297e-05 3.27571617e-03 6.38691959e-05
 5.34968781e-03 0.00000000e+00 4.42493059e-03 2.11086335e-02
 0.00000000e+00 2.41903075e-05 5.98355635e-03 1.96028438e-04
 5.78086137e-04]

epoch1->[7.35460085e-01 0.00000000e+00 0.00000000e+00 0.00000000e+00
 0.00000000e+00 0.00000000e+00 7.03651777e-06 7.64744895e-04
 5.28997570e-02 0.00000000e+00 0.00000000e+00 0.00000000e+00
 6.84829166e-05 0.00000000e+00 3.65506093e-05 2.48133098e-01
 0.00000000e+00 0.00000000e+00 0.00000000e+00 0.00000000e+00
 0.00000000e+00]

epoch2->[7.67181706e-01 0.00000000e+00 0.00000000e+00 1.96005306e-03
 0.00000000e+00 0.00000000e+00 5.51732107e-02 3.32114403e-02
 3.79938760e-01 0.00000000e+00 0.00000000e+00 0.00000000e+00
 3.93536732e-02 1.73734306e-04 3.07108109e-02 4.55134633e-01
 0.00000000e+00 0.00000000e+00 0.00000000e+00 5.17552381e-04
 0.00000000e+00]

epoch3->[7.91181189e-01 0.00000000e+00 0.00000000e+00 5.09968820e-02
 0.00000000e+00 0.00000000e+00 2.70986136e-01 2.20380947e-01
 4.39855642e-01 0.00000000e+00 4.16413284e-03 1.90371979e-05
 1.81416760e-01 6.60212987e-02 2.14955766e-01 4.84517977e-01
 0.00000000e+00 1.20671966e-02 0.00000000e+00 1.73345308e-02
 0.00000000e+00]

epoch4->[8.06755929e-01 2.26712785e-02 0.00000000e+00 1.55584220e-01
 0.00000000e+00 9.84437104e-05 3.67630631e-01 3.49620474e-01
 5.19923613e-01 0.00000000e+00 3.22559314e-02 2.44644531e-03
 2.54413616e-01 2.27336189e-01 3.12062469e-01 5.27078363e-01
 0.00000000e+00 1.31808659e-01 7.75256967e-04 1.13568106e-01
 0.00000000e+00]

epoch0->[0.81986722 0.16546868 0.         0.31089346 0.         0.00340553
 0.39701635 0.38505171 0.55210217 0.         0.07870079 0.02315415
 0.32345725 0.23925373 0.37439054 0.53584364 0.         0.24853849
 0.03360966 0.19812362 0.06050936]

epoch0->[5.95410583e-01 3.33394781e-03 2.73761605e-03 9.66270219e-04
 1.05465913e-02 2.86152526e-03 1.03718451e-02 1.52885891e-02
 5.98529347e-03 2.92789100e-04 2.93112654e-03 5.57312077e-03
 5.61072873e-04 2.68441351e-03 2.78622811e-02 4.55373415e-02
 2.29389503e-03 4.26294519e-03 1.06472864e-03 2.52367830e-02
 5.34220973e-03]

epoch0->[8.21419264e-01 1.87876832e-01 0.00000000e+00 2.80970465e-01
 0.00000000e+00 6.42230494e-03 4.08353234e-01 3.99187036e-01
 5.66460238e-01 6.00130341e-05 8.63196992e-02 5.60583961e-02
 3.32865402e-01 2.38741837e-01 4.01827385e-01 5.53977207e-01
 0.00000000e+00 3.15616977e-01 3.71671783e-02 2.20329750e-01
 5.49281475e-02]

epoch1->[8.32452468e-01 3.41226411e-01 0.00000000e+00 3.70478323e-01
 2.22495602e-03 6.79052780e-02 4.37695257e-01 4.00126826e-01
 5.91830464e-01 7.60397735e-05 1.20861033e-01 1.59364921e-01
 3.44662356e-01 2.68205374e-01 4.16871990e-01 5.58983997e-01
 4.29955160e-03 3.83362414e-01 1.05247185e-01 2.90980062e-01
 2.53518481e-01]

epoch0->[0.81786941 0.0815911  0.         0.30400772 0.         0.00185335
 0.419339   0.41251009 0.53984346 0.         0.03796717 0.01890947
 0.30428092 0.2672634  0.41923138 0.52264133 0.         0.20770269
 0.01830498 0.16844913 0.01451956]

epoch1->[0.81683435 0.08823292 0.         0.24669792 0.         0.00211005
 0.39282216 0.38159869 0.55153195 0.         0.03216588 0.01149476
 0.32060804 0.25397878 0.38367966 0.52747444 0.         0.20847721
 0.01209909 0.17229288 0.01116462]

epoch0->[2.18100250e-01 0.00000000e+00 0.00000000e+00 3.33728637e-03
 0.00000000e+00 0.00000000e+00 4.68709757e-07 0.00000000e+00
 0.00000000e+00 0.00000000e+00 0.00000000e+00 0.00000000e+00
 0.00000000e+00 0.00000000e+00 0.00000000e+00 0.00000000e+00
 0.00000000e+00 0.00000000e+00 0.00000000e+00 0.00000000e+00
 0.00000000e+00]

epoch1->[2.17188704e-01 0.00000000e+00 0.00000000e+00 6.08310965e-03
 0.00000000e+00 0.00000000e+00 1.13231624e-05 0.00000000e+00
 0.00000000e+00 0.00000000e+00 0.00000000e+00 0.00000000e+00
 0.00000000e+00 0.00000000e+00 0.00000000e+00 0.00000000e+00
 0.00000000e+00 0.00000000e+00 0.00000000e+00 0.00000000e+00
 0.00000000e+00]

epoch2->[2.16444173e-01 0.00000000e+00 0.00000000e+00 1.08321707e-02
 0.00000000e+00 0.00000000e+00 2.19735946e-04 9.81532645e-06
 0.00000000e+00 0.00000000e+00 0.00000000e+00 0.00000000e+00
 0.00000000e+00 0.00000000e+00 0.00000000e+00 0.00000000e+00
 0.00000000e+00 0.00000000e+00 0.00000000e+00 0.00000000e+00
 0.00000000e+00]

epoch3->[2.16710918e-01 0.00000000e+00 0.00000000e+00 1.33013170e-02
 0.00000000e+00 0.00000000e+00 9.24586850e-05 0.00000000e+00
 0.00000000e+00 0.00000000e+00 0.00000000e+00 0.00000000e+00
 0.00000000e+00 0.00000000e+00 0.00000000e+00 0.00000000e+00
 0.00000000e+00 0.00000000e+00 0.00000000e+00 0.00000000e+00
 0.00000000e+00]

epoch4->[2.14128464e-01 0.00000000e+00 0.00000000e+00 7.40235061e-03
 0.00000000e+00 0.00000000e+00 1.88611278e-05 0.00000000e+00
 0.00000000e+00 0.00000000e+00 0.00000000e+00 0.00000000e+00
 0.00000000e+00 0.00000000e+00 0.00000000e+00 0.00000000e+00
 0.00000000e+00 0.00000000e+00 0.00000000e+00 0.00000000e+00
 0.00000000e+00]

epoch0->[1.12653785e-01 2.54705316e-02 1.03285691e-05 6.62787189e-03
 7.49673769e-03 1.93788557e-02 1.73332982e-03 8.85575610e-03
 0.00000000e+00 0.00000000e+00 0.00000000e+00 0.00000000e+00
 0.00000000e+00 0.00000000e+00 0.00000000e+00 0.00000000e+00
 0.00000000e+00 0.00000000e+00 0.00000000e+00 0.00000000e+00
 0.00000000e+00]

epoch1->[1.35563277e-01 2.16570778e-02 1.03438601e-05 8.80540544e-03
 8.05680581e-03 1.91925591e-02 3.01478972e-03 1.24553786e-02
 0.00000000e+00 0.00000000e+00 0.00000000e+00 0.00000000e+00
 0.00000000e+00 0.00000000e+00 0.00000000e+00 0.00000000e+00
 0.00000000e+00 0.00000000e+00 0.00000000e+00 0.00000000e+00
 0.00000000e+00]

epoch2->[1.55785858e-01 2.52848428e-02 8.72698550e-05 8.06471391e-03
 5.68324970e-03 1.56985928e-02 4.36047676e-03 1.66739461e-02
 0.00000000e+00 0.00000000e+00 0.00000000e+00 0.00000000e+00
 0.00000000e+00 0.00000000e+00 0.00000000e+00 0.00000000e+00
 0.00000000e+00 0.00000000e+00 0.00000000e+00 0.00000000e+00
 0.00000000e+00]

epoch3->[1.71201723e-01 2.30863380e-02 7.16550120e-05 8.41354318e-03
 5.64475006e-03 1.50211024e-02 4.71192673e-03 2.00242507e-02
 0.00000000e+00 0.00000000e+00 0.00000000e+00 0.00000000e+00
 0.00000000e+00 0.00000000e+00 0.00000000e+00 0.00000000e+00
 0.00000000e+00 0.00000000e+00 0.00000000e+00 0.00000000e+00
 0.00000000e+00]

epoch0->[0.37516258 0.34631999 0.60369882 0.58987663 0.19027865 0.13656556
 0.50335057 0.86621061]

epoch1->[0.4687384  0.5835903  0.75301249 0.71830629 0.39489002 0.33446824
 0.63057552 0.93872771]

epoch2->[0.52123943 0.6536248  0.79780287 0.7623234  0.48232114 0.43318749
 0.69808412 0.94637545]

epoch3->[0.5597297  0.70821076 0.82971429 0.80095097 0.53947241 0.50350136
 0.73524443 0.96222802]

epoch4->[0.58935484 0.74250263 0.85336675 0.82603107 0.56781915 0.54315766
 0.76229735 0.96903173]

epoch0->[0.60281382 0.75554925 0.85857152 0.83423344 0.59215097 0.56138439
 0.77042093 0.97107276]

epoch1->[0.62599707 0.78887164 0.87701988 0.84585953 0.61626659 0.59311463
 0.78711479 0.97241058]

epoch2->[0.64542415 0.79668257 0.88540955 0.85980359 0.6418597  0.61763096
 0.80335345 0.97492334]

epoch3->[0.65554258 0.80847411 0.88415104 0.84362947 0.65641784 0.63264098
 0.8095561  0.9642026 ]

epoch4->[0.64423589 0.79985167 0.88697358 0.84069825 0.64695879 0.63110754
 0.78493024 0.96944142]

epoch0->[0.67184005 0.82159006 0.89769796 0.86534805 0.67197283 0.65524122
 0.81600092 0.97208783]

epoch1->[0.67165054 0.8256428  0.89658555 0.87120882 0.6744403  0.65437959
 0.817205   0.97564887]

epoch2->[0.67152875 0.82014218 0.89643406 0.86997918 0.6713242  0.65675853
 0.81874073 0.97591384]

epoch3->[0.67158241 0.82079317 0.89720419 0.86801703 0.66949129 0.65267914
 0.8171068  0.97652255]

epoch4->[0.67107561 0.82374526 0.89246814 0.86825803 0.67173538 0.65582313
 0.81596614 0.97497568]

epoch0->[2.00835310e-01 0.00000000e+00 1.06257586e-01 7.48984873e-04
 0.00000000e+00 2.53207491e-05 8.61166900e-02 1.40398248e-01]

epoch1->[2.83396346e-01 5.31897191e-02 4.35749086e-01 0.00000000e+00
 0.00000000e+00 1.78005572e-06 2.58505648e-01 7.91244662e-01]

epoch2->[3.56086324e-01 1.88746633e-01 4.78785068e-01 6.72369035e-02
 1.59837733e-06 3.80359315e-05 3.01066358e-01 8.42770700e-01]

epoch3->[3.65190471e-01 1.65365081e-01 5.07245441e-01 1.72825676e-01
 1.20556440e-06 1.09594270e-03 3.38143306e-01 8.51983613e-01]

epoch4->[3.71729092e-01 1.78518865e-01 5.17510917e-01 2.19527039e-01
 2.40786505e-06 1.01248604e-02 3.78621606e-01 8.79150095e-01]

epoch0->[0.23236646 0.03249774 0.01900025 0.00711287 0.02121605 0.04366308
 0.0169165  0.04643793 0.        ]

epoch0->[0.15967194 0.0143108  0.02551803 0.01866026 0.09904107 0.01088376
 0.01750731 0.03074117 0.        ]

epoch0->[6.63440908e-01 1.02455529e-03 4.41289184e-04 9.25379615e-03
 3.69371844e-03 1.92082342e-03 2.73852877e-05 1.87484070e-02
 1.13597146e-02 3.54064249e-05 2.37539805e-04 6.29876127e-06
 1.01108475e-02 0.00000000e+00 9.81476616e-03 1.88885126e-03
 1.99050581e-03 2.29166627e-03 1.98873553e-04 3.52192250e-05
 5.44987678e-03]

epoch0->[0.13355927 0.05526994 0.03175875 0.01501797 0.0690098  0.05913753
 0.01802997 0.10336207]

epoch0->[0.25548789 0.01116885 0.00476053 0.00169722 0.03757448 0.05071917
 0.02918165 0.00796024 0.        ]

epoch0->[6.80013997e-01 6.06621580e-03 1.71393001e-03 0.00000000e+00
 2.42162486e-03 1.19555951e-02 3.57573787e-04 3.20773892e-04
 9.61464432e-04 3.54050150e-03 0.00000000e+00 0.00000000e+00
 7.15799848e-04 2.01393143e-03 0.00000000e+00 6.91205738e-04
 3.44019402e-03 1.56228929e-03 2.73500929e-04 1.47828030e-03
 0.00000000e+00]

epoch0->[0.14700652 0.01843147 0.00685985 0.04084654 0.04488633 0.00554476
 0.05615617 0.12120434]

epoch0->[0.11070381 0.00522927 0.02143093 0.04298572 0.07439441 0.03310846
 0.04053367 0.07261903 0.        ]

epoch0->[0.09088846 0.01059229 0.00610539 0.06111643 0.05004682 0.04225596
 0.00594289 0.06879914 0.0747795 ]

epoch0->[0.01139488 0.02320133 0.06055189 0.05500359 0.02913379 0.02957031
 0.         0.04738197 0.03402633]

